14
0 0 1
0 12 0
0 24 0
0 36 0
18 0 0
18 12 0
18 24 0
38 0 0
38 12 0
38 24 0
38 36 0
58 0 1
58 12 0
58 24 0
17
1 2 210 2 1
2 3 210 2 1
3 4 210 2 1
4 11 210 1 1
5 6 210 2 1
2 6 210 1 1
3 7 210 1 1
6 7 210 2 1
8 9 210 2 1
6 9 210 1 1
7 10 210 1 1
9 10 210 2 1
10 11 210 2 1
12 13 210 2 1
9 13 210 1 1
10 14 210 1 1
13 14 210 2 1
9
1 6 0.6 90 0
1 10 0.4 60 0
2 7 0 15 0
2 11 0 15 0
2 15 0 12 0
3 1 0 10 12
3 2 0 12 14
3 3 0 14 16
4 4 0 200 0
1
0.22 0.019 0.019 0.012 0.562
1
0.5 0.45